[Options]
solute_composition = 0.01
dim1 = 48
dim2 = 48
dim3 = 192
sink_type = Dislocation
ordering_AB = 0.0553
cohesive_AA = -4.34
cohesive_BB = -4.42295
Vac_For_A = 1.28
Vac_For_B = 1.3629515
Int_AA_For_A = 4.3918
Int_AB_For_A = 4.3918
Int_BB_For_A = 4.3918
Int_AA_For_B = 4.7236
Int_AB_For_B = 4.7236
Int_BB_For_B = 4.7236
saddle_AV = -10.21666667
saddle_BV = -10.1886
saddle_A_AA = -7.3382
saddle_A_AB = -7.3382
saddle_A_BB = -7.3382
saddle_B_AA = -7.4894
saddle_B_AB = -7.4894
saddle_B_BB = -7.4894
att_freq = 1e14
kT = 0.051703969
lattice_param = 3.615